5001 1335
5002 7761
5003 2229
5004 1583
5005 1677
5006 6625
5007 7422
5008 8949
5009 5110
5010 5157
5011 5125
5012 5192
5013 7449
5014 4702
5015 2032
5016 9121
5017 5117
5018 2940
5019 5109
5020 6383
5021 5224
5022 6734
5023 8659
5024 9330
5025 4519
5026 3904
5027 6554
5028 7998
5029 7450
5030 9808
5031 6487
5032 1938
5033 7237
5034 5536
5035 7008
5036 6174
5037 5336
5038 2515
5039 4869
5040 8398
5041 2403
5042 3515
5043 9161
5044 4268
5045 8336
5046 6475
5047 1866
5048 3237
5049 9687
5050 1027
5051 6029
5052 4355
5053 4186
5054 5287
5055 3216
5056 6621
5057 9048
5058 2089
5059 7156
5060 1174
5061 5199
5062 5334
5063 4548
5064 1397
5065 2226
5066 2470
5067 2218
5068 8931
5069 3338
5070 5361
5071 5818
5072 7130
5073 3386
5074 9749
5075 7803
5076 5616
5077 9403
5078 2131
5079 2925
5080 4100
5081 9458
5082 2121
5083 4022
5084 4170
5085 2436
5086 4121
5087 2977
5088 5136
5089 3515
5090 6668
5091 6741
5092 6604
5093 5614
5094 2555
5095 7682
5096 7683
5097 2896
5098 5631
5099 3010
5100 4445
