5001 3111
5002 5445
5003 7537
5004 5794
5005 1540
5006 3319
5007 2926
5008 2817
5009 1468
5010 2606
5011 2522
5012 7613
5013 5504
5014 6438
5015 7609
5016 1163
5017 9944
5018 3222
5019 5648
5020 8958
5021 7873
5022 7950
5023 7445
5024 8817
5025 6123
5026 2217
5027 8924
5028 8782
5029 9888
5030 2663
5031 2161
5032 5892
5033 7781
5034 6232
5035 1075
5036 5513
5037 8253
5038 4045
5039 9151
5040 5176
5041 3134
5042 1126
5043 9284
5044 9278
5045 6406
5046 7366
5047 8503
5048 7411
5049 4040
5050 8431
5051 8634
5052 3044
5053 1124
5054 1430
5055 1091
5056 9768
5057 1401
5058 9573
5059 9624
5060 2376
5061 5862
5062 1715
5063 6659
5064 6041
5065 2428
5066 5589
5067 9711
5068 3609
5069 2899
5070 1029
5071 3333
5072 1403
5073 1814
5074 7987
5075 2327
5076 9473
5077 7437
5078 4275
5079 2318
5080 1876
5081 3752
5082 8618
5083 5923
5084 6350
5085 9590
5086 7839
5087 7258
5088 3546
5089 6747
5090 5956
5091 5786
5092 4753
5093 5619
5094 9496
5095 1679
5096 3000
5097 6409
5098 9328
5099 8030
5100 9506
